1000
878,881
412,796
187,571
438,888
94,735
205,691
616,769
250,430
179,711
868,878
102,519
34,996
493,842
157,466
131,939
379,681
31,440
460,873
540,767
728,808
117,526
640,836
579,919
626,852
13,183
257,380
186,786
66,589
590,693
262,736
540,983
1,850
782,901
194,505
507,856
951,981
105,671
204,486
127,844
801,817
487,911
355,690
363,500
610,916
390,900
522,706
679,959
699,826
257,569
202,587
171,952
527,723
338,748
311,444
372,452
212,971
56,478
134,353
451,878
6,721
77,100
248,276
114,862
125,190
410,574
665,691
394,659
52,251
195,788
150,298
37,978
120,860
65,690
163,530
58,520
441,694
278,789
448,939
85,505
511,992
209,907
220,863
711,888
395,561
51,630
187,599
100,183
262,888
600,681
190,992
410,856
362,634
64,494
26,161
257,762
591,829
342,751
158,191
199,573
705,802
293,414
586,975
186,815
283,802
399,784
318,657
51,985
496,642
381,845
570,787
92,938
585,710
291,638
439,790
177,703
464,726
270,305
106,802
762,768
98,561
390,965
58,236
54,598
561,659
399,668
132,998
99,914
298,588
473,833
536,985
381,425
530,959
88,382
550,932
2,88
537,893
590,956
75,440
537,927
217,393
111,122
159,354
235,607
313,655
515,553
434,487
283,507
578,809
594,830
801,993
61,481
99,682
272,553
110,743
646,940
148,541
584,801
632,775
839,942
509,999
26,576
514,529
89,692
104,720
60,448
368,916
34,254
139,260
713,753
817,825
23,809
513,598
142,161
246,995
756,929
125,795
175,444
129,938
709,902
148,584
184,581
64,206
133,591
259,403
324,529
56,225
644,858
650,659
272,795
781,959
50,897
211,829
711,819
518,796
8,317
156,634
232,656
370,513
86,497
523,923
399,931
2,220
881,981
133,807
710,930
492,783
250,512
719,813
101,286
444,489
217,921
44,608
86,438
234,658
714,826
715,792
493,772
135,580
543,992
28,563
275,571
392,619
18,485
69,670
419,470
200,237
217,993
76,820
639,897
27,261
486,720
420,809
153,612
259,675
489,783
134,570
180,620
705,828
259,609
421,948
59,485
127,333
339,639
110,441
367,536
127,315
479,535
480,575
308,862
365,409
77,600
772,836
131,779
715,801
91,385
18,277
356,479
8,511
266,593
218,826
79,107
35,346
585,905
657,887
664,673
503,602
477,877
370,863
117,339
296,957
344,558
70,173
327,581
190,446
271,611
926,979
264,635
330,592
31,729
426,836
336,540
366,698
203,390
553,695
935,949
188,985
809,914
210,651
395,949
597,845
96,743
166,382
264,647
259,666
432,978
372,726
329,635
61,532
304,348
404,473
126,704
713,834
101,500
914,931
344,768
61,716
157,570
571,764
439,645
313,631
630,991
301,349
623,915
737,751
182,248
276,368
682,814
345,764
267,369
177,291
389,944
70,223
371,717
165,682
163,334
596,683
4,739
704,730
464,636
353,554
564,951
666,755
294,845
385,576
813,941
304,921
77,913
151,499
519,902
390,650
594,991
141,333
11,469
174,506
588,787
9,419
85,718
263,623
30,75
253,876
631,929
44,192
264,904
542,886
140,278
326,777
275,306
705,850
328,831
89,581
415,474
285,362
60,408
204,834
45,924
18,134
663,802
499,994
180,770
58,656
488,856
460,998
91,143
140,989
307,881
142,595
50,288
354,880
100,954
832,981
358,465
339,971
189,607
185,882
75,449
426,649
328,684
121,497
445,515
10,727
529,793
118,184
215,535
579,865
486,615
138,865
458,710
730,850
221,949
135,302
65,562
407,664
451,818
625,803
12,231
21,890
593,947
10,615
86,659
37,942
185,704
410,758
297,307
524,583
122,159
407,481
160,513
163,651
282,692
526,660
236,707
49,101
436,448
157,372
273,350
141,625
82,191
32,548
101,316
91,886
17,264
112,663
193,920
59,461
653,740
778,915
793,998
665,960
55,919
563,965
447,755
177,453
31,480
237,287
682,715
185,390
359,538
290,725
554,864
199,866
4,721
275,672
590,632
722,778
712,856
90,347
104,893
310,423
437,608
276,807
172,441
173,692
291,853
804,904
21,369
914,994
330,748
1,368
149,706
162,355
185,655
95,146
531,902
108,158
588,923
412,797
203,418
879,929
576,686
212,764
561,906
571,903
489,634
192,891
171,390
139,997
185,658
44,469
405,441
626,853
10,374
726,761
351,731
593,954
281,384
189,886
200,327
35,439
198,671
567,649
561,762
148,806
626,666
674,837
252,953
780,854
266,334
656,893
145,211
204,239
357,670
370,431
59,613
796,905
188,434
880,956
218,633
178,894
644,733
309,419
288,655
173,808
277,546
220,596
96,783
26,117
285,430
653,773
523,924
30,239
968,977
62,580
277,575
305,339
9,28
167,366
311,546
16,750
209,979
101,346
555,928
260,905
374,657
851,876
250,508
430,554
2,967
225,841
278,499
224,394
153,828
123,941
290,698
276,364
339,996
53,189
94,282
315,821
394,569
520,823
705,859
431,836
308,613
272,958
350,878
338,639
19,190
108,751
191,335
260,600
345,765
623,692
9,793
68,426
289,588
594,841
70,634
915,931
783,796
300,971
508,730
96,248
578,593
147,971
256,495
80,730
21,940
35,971
270,528
192,779
163,352
566,630
372,894
474,507
306,653
320,859
575,598
620,854
131,577
463,618
24,607
339,993
232,697
261,760
75,685
328,987
474,628
729,753
53,688
751,959
39,67
761,934
55,77
352,565
83,777
7,454
3,523
579,867
495,887
297,707
200,797
35,805
585,831
471,836
323,665
351,749
516,562
559,776
318,924
536,682
247,604
357,884
224,286
223,798
53,56
522,911
409,972
598,685
545,941
30,770
88,553
349,613
703,745
289,496
599,872
643,903
755,900
586,670
511,643
209,804
25,712
239,880
214,585
288,704
552,802
259,995
711,920
168,228
315,504
541,827
472,482
80,763
378,537
266,396
701,945
299,440
110,154
11,948
316,659
346,375
41,946
349,560
848,948
45,338
331,471
355,788
91,626
23,46
152,967
368,750
523,618
81,838
277,973
40,584
385,532
92,313
190,509
757,887
151,395
418,492
444,518
627,768
228,451
808,809
942,979
811,885
380,706
38,103
334,717
492,530
14,687
127,306
425,988
610,676
335,934
108,632
27,79
592,768
281,354
239,897
188,320
329,584
437,456
711,769
141,805
191,959
264,824
49,251
926,971
426,445
431,488
602,724
106,543
470,716
478,590
67,719
133,551
536,665
66,391
775,999
19,374
17,328
45,782
463,678
560,842
440,667
364,462
514,521
118,294
588,701
301,379
536,782
147,437
492,737
576,931
622,712
527,787
322,472
278,698
282,975
584,885
690,916
770,886
235,369
436,745
612,931
288,619
505,641
204,688
570,574
347,392
253,850
43,398
382,775
224,665
40,416
82,466
81,322
558,560
466,782
523,678
260,550
874,968
286,847
316,789
65,534
560,729
43,720
380,535
158,974
14,924
292,311
64,973
601,713
250,620
604,716
433,762
30,886
21,886
759,887
12,723
286,381
134,805
75,146
261,479
39,320
830,845
132,915
534,982
287,674
540,569
167,956
561,662
102,939
502,524
577,624
76,95
121,635
29,144
322,594
46,787
74,354
475,637
394,542
148,800
597,695
114,642
699,972
425,775
6,219
363,541
74,746
16,91
218,391
446,962
87,117
584,852
412,717
291,655
690,764
340,908
337,706
139,909
160,919
364,837
151,904
47,592
20,925
380,915
900,971
231,955
93,511
688,933
5,222
302,308
103,853
517,792
734,780
494,880
686,701
115,384
223,324
220,315
364,819
228,288
730,967
243,622
179,678
36,129
187,358
196,199
434,644
404,414
188,848
625,964
293,706
142,519
235,886
394,459
358,632
681,897
383,950
819,901
91,600
235,293
46,160
229,662
659,970
279,337
745,941
490,622
97,486
610,810
558,945
270,389
33,875
99,432
177,537
630,771
528,567
230,475
411,925
218,562
119,347
351,730
311,593
207,702
643,727
339,897
314,566
280,698
186,266
143,420
176,217
431,846
293,689
513,563
38,619
122,165
402,679
284,672
230,986
643,835
64,486
30,643
66,793
9,613
7,755
139,497
216,875
19,496
526,623
189,655
223,870
465,713
373,595
922,999
136,717
340,752
813,869
753,870
288,786
255,297
127,566
47,879
499,779
782,941
533,638
569,878
788,923
328,544
241,639
455,798
122,479
167,866
640,671
447,818
749,818
302,465
387,703
117,373
514,586
187,364
814,893
400,903
52,58
443,789
63,822
390,742
124,993
259,547
195,432
367,766
631,875
440,823
145,184
246,899
379,971
83,268
231,407
636,809
520,611
198,234
541,990
82,368
495,501
345,806
462,559
582,896
700,807
28,219
319,767
180,942
241,569
104,526
533,735
348,597
12,760
231,704
311,427
897,932
223,995
164,277
557,887
293,395
843,886
180,773
459,494
105,207
619,907
772,812
143,780
597,997
267,563
631,768
442,691
174,703
297,445
647,653
830,912
242,872
739,849
149,689
265,404
117,828
121,496
245,651
348,780
299,442
655,713
191,843
618,715
420,849
297,592
773,914
770,872
521,823
386,777
295,900
606,837
492,850
582,764
279,352
448,680
711,869
505,870
167,174
543,881
421,439
144,907
69,450
652,733
515,904
63,135
50,209
76,541
409,707
96,627
523,842
231,918
82,925
237,496
68,849
257,371
31,935
312,741
449,660
110,438
16,849
856,874
780,966
621,983
887,942
314,905
383,905
177,306
289,568
182,692
605,793
538,619
361,925
418,530
700,836
173,219
49,315
57,639
282,378
40,449
317,683
250,892
76,395
55,208
439,565
698,755
37,461
227,741
616,686
394,500
373,384
197,424
161,963
86,713
746,852
627,663
259,400
186,202
387,713
326,379
242,292
24,112
384,697
87,230
811,842
219,761
149,870
606,955
330,359
439,722
154,194
77,419
81,217
201,849
92,612
95,703
406,979
628,644
121,967
34,710
557,598
552,844
222,772
376,722
664,920
578,956
17,310
145,228
397,834
175,899
678,996
505,948
34,105
539,999
164,527
189,949
400,771
301,306
68,972
34,116
446,727
161,928
871,981
332,428
504,897
42,416
277,925
166,901
882,989
87,617
318,394
273,560
16,480
414,891
237,414
196,759
701,824
367,452
82,387
470,809
722,746
681,954
194,973
700,750
659,975
519,843
293,461
223,948
352,838
154,279
150,293
491,743
50,850
543,660
426,791
321,799
105,738
223,585
672,676
33,149
443,644
293,838
331,839
359,725
236,634
267,413
833,953
12,570
164,844
451,554
290,462
389,867
72,174
522,905
178,891
176,734
411,856
726,742
555,649
762,805
623,927
515,818
71,412
1,55
236,778
413,777
64,383
232,613
233,605
530,622
818,829
56,86
312,498
684,932
43,592
8,510
174,484
223,423
358,594
379,381
18,760
593,706
39,619
209,819
677,721
102,487
93,690
4,544
396,948
231,418
370,743
506,638
710,886
642,693
36,868
196,977
350,852
165,425
92,572
355,577
472,627
114,609
308,959
589,714
851,910
239,680
99,143
485,906
400,585
184,453
385,644
155,267
109,821
724,872
399,958
482,859
431,482
397,938
457,972
90,750
521,660
405,614
114,562
353,788
109,624
718,926
665,886
347,683
55,706
409,746
91,346
276,858
234,939
292,520
483,617
429,890
747,807
154,373
128,359
355,512
152,828
456,596
55,574
42,906
707,856
76,659
337,571
398,714
36,168
226,557
400,824
767,878
523,795
452,815
34,495
366,514
377,941
113,891
93,712
684,865
29,484
109,784
306,704
150,611
561,641
79,688
864,997
104,549
690,824
1,296
582,685
37,774
412,603
236,684
268,666
608,726
352,393
639,775
19,692
110,587
716,772
57,920
49,791
356,943
183,882
175,367
129,354
678,726
172,929
295,780
110,262
839,975
838,942
118,548
537,705
91,348
243,469
164,779
19,409
411,819
778,983
383,843
143,605
611,774
668,846
537,540
396,549
29,743
128,746
273,851
286,789
81,482
0,837
704,945
130,243
88,699
602,896
110,755
170,182
702,867
4,30
291,430
33,200
423,966
790,914
359,988
157,459
806,943
489,930
593,774
450,890
23,220
413,966
296,912
493,803
361,639
69,441
59,563
728,874
533,898
370,597
333,960
172,767
876,931
278,510
53,453
403,789
134,790
187,917
163,587
184,832
384,732
97,463
783,963
617,847
659,821
519,833
97,669
494,909
452,686
185,845
880,992
478,883
517,924
345,375
622,931
221,331
83,853
385,673
97,236
452,659
625,858
77,567
512,976
6,892
723,755
261,771
278,772
61,841
285,396
603,914
46,602
361,835
474,679
372,620
549,631
95,811
164,384
694,841
308,633
63,849
622,921
350,750
148,493
206,852
615,850
354,877
201,753
728,750
266,445
176,321
491,848
206,462
8,246
440,868
513,708
200,853
234,400
14,123
683,904
356,893
678,821
270,615
364,711
138,430
839,909
96,151
220,694
752,954
609,663
884,915
440,926
482,702
339,574
237,645
29,903
26,297
624,742
404,915
89,750
252,468
484,784
614,925
479,976
27,619
544,730
327,574
733,782
223,579
123,532
660,926
348,700
555,597
427,868
639,989
78,489
439,491
683,880
923,941
72,779
647,734
631,948
272,897
396,574
362,572
745,960
41,211
603,883
453,720
446,502
718,730
6,318
129,412
812,974
247,998
424,533
447,694
199,261
61,304
460,518
387,614
154,356
257,927
33,782
394,539
523,843
20,829
580,666
189,522
142,192
605,815
110,807
161,840
381,766
292,383
786,917
88,397
329,788
459,688
28,551
289,577
920,995
6,111
75,944
183,892
294,576
201,622
256,687
198,940
185,311
317,452
361,779
453,846
505,590
415,545
134,418
39,970
178,875
377,897
109,572
238,702
345,948
70,701
464,957
287,411
752,904
21,310
533,991
209,800
288,367
19,243
586,872
581,793
166,502
322,919
196,525
321,827
92,111
376,816
333,609
732,976
588,906
224,681
215,460
772,840
91,781
493,901
729,967
322,803
289,620
191,401
34,178
85,581
618,920
173,974
592,602
373,755
8,817
321,742
250,839
30,517
341,543
615,964
506,536
57,209
338,835
634,810
78,239
529,694
272,745
86,887
504,572
239,299
598,959
166,351
529,606
330,850
754,787
297,947
798,877
37,964
106,251
107,538
557,997
125,661
440,456
241,282
174,292
808,853
252,291
237,729
377,711
354,710
87,829
842,954
102,846
571,601
537,552
115,806
454,639
917,927
799,926
62,941
255,448
385,460
73,323
40,767
117,234
310,952
344,734
267,996
266,275
25,636
204,274
181,596
403,890
205,431
425,862
139,776
380,448
136,295
495,821
256,530
509,920
9,716
594,875
639,645
722,898
375,988
302,473
298,717
798,824
500,698
645,773
274,838
134,193
777,907
261,809
597,984
648,930
794,874
163,271
542,805
483,615
393,427
325,695
349,607
318,870
307,569
227,396
592,739
670,830
573,913
134,788
82,609
114,961
199,520
64,227
725,762
262,484
556,573
265,381
440,680
68,539
172,855
624,929
344,694
473,997
375,573
317,474
63,113
609,725
56,262
171,566
475,647
539,712
88,149
429,646
107,156
479,666
143,689
822,950
187,290
667,833
167,802
417,684
113,208
362,776
186,613
219,496
360,680
139,692
560,735
88,246
756,810
157,381
209,756
506,953
518,998
783,868
703,862
577,883
227,499
142,362
19,156
234,796
916,992
407,440
237,296
435,816
337,982
3,847
530,636
282,727
156,684
269,344
458,780
261,404
383,889
193,572
225,430
370,945
297,562
22,650
315,635
99,240
361,515
0,820
372,976
171,921
603,990
232,595
210,635
560,687
729,734
725,948
196,824
72,233
583,779
284,791
524,876
656,908
121,396
690,777
613,905
498,829
157,384
181,720
203,751
309,969
81,979
652,728
379,846
493,913
312,416
44,512
448,770
408,641
599,850
221,312
18,954
600,642
10,910
374,709
146,646
268,562
163,378
164,931
79,649
488,863
468,705
560,609
751,753
455,979
799,831
484,517
222,522
128,264
615,751
284,583
336,654
744,959
419,511
94,115
233,738
436,691
542,794
214,544
95,498
334,737
107,286
250,737
249,410
204,291
20,970
184,909
335,989
467,625
229,958
150,468
202,470
675,773
15,723
55,934
36,613
384,883
783,921
740,806
148,690
119,857
116,514
312,755
634,843
395,682
167,789
7,857
789,873
96,740
487,797
144,418
168,670
468,549
485,952
728,926
138,311
322,774
37,504
16,109
416,920
487,971
119,543
420,968
815,941
443,795
714,852
117,465
137,322
155,341
218,711
666,672
611,877
108,324
56,220
757,895
224,669
77,540
79,374
355,819
422,857
594,944
156,603
537,877
275,432
58,319
669,873
514,951
806,814
463,862
377,654
192,968
149,937
24,373
187,346
251,808
14,950
832,963
115,650
702,837
106,676
426,623
129,919
551,950
304,721
167,932
355,443
753,921
372,537
455,551
166,698
358,771
522,968
842,879
74,822
390,503
33,79
181,512
57,391
572,668
390,878
181,457
129,778
142,960
428,832
493,976
317,509
683,711
550,751
507,849
513,615
7,128
487,541
26,42
704,833
276,770
39,981
262,324
368,855
119,722
548,907
365,756
103,640
141,806
601,959
105,380
941,996
330,693
70,671
173,406
207,396
85,532
133,145
745,804
390,463
290,360
599,670
398,698
877,945
94,973
492,889
77,869
75,942
349,955
8,512
41,242
450,621
356,888
121,810
64,835
85,267
810,873
47,922
80,580
6,771
175,289
413,421
265,324
73,104
137,411
22,624
153,191
108,801
117,458
341,491
257,400
545,695
878,945
637,935
364,846
534,883
258,317
50,750
491,663
442,545
6,581
541,680
376,931
487,599
127,385
438,693
159,948
382,573
685,902
518,524
335,883
373,802
191,705
468,570
230,231
553,647
226,378
444,606
102,622
635,852
259,281
307,869
564,796
357,522
96,959
922,933
470,592
250,861
172,261
479,668
335,653
152,531
314,771
924,962
113,967
955,988
279,461
4,196
669,737
289,979
113,387
135,355
767,935
103,720
278,771
291,391
133,447
581,696
393,888
745,868
221,497
325,732
496,508
159,840
699,740
509,616
562,885
565,616
593,668
144,231
202,788
8,700
847,962
570,889
476,558
191,378
494,711
655,827
427,794
337,932
43,906
610,750
278,314
353,679
258,790
331,463
64,365
253,473
76,647
51,248
408,569
119,319
166,667
121,369
23,550
3,38
538,544
325,962
99,720
709,883
451,861
366,820
832,988
281,745
77,198
390,886
205,655
233,824
474,654
392,786
310,887
340,444
121,673
431,440
162,890
704,993
639,822
106,604
166,642
274,321
309,806
372,465
64,948
73,881
277,364
448,780
128,897
470,870
912,980
220,862
567,934
408,463
14,721
655,861
470,810
631,748
368,478
478,907
398,477
421,582
154,686
467,893
692,978
504,613
80,931
25,206
457,692
483,609
41,77
232,375
542,650
502,857
391,902
207,367
341,767
560,991
66,244
54,731
176,992
238,633
511,818
530,911
64,137
530,605
114,283
254,655
573,975
446,977
505,737
822,855
501,840
725,980
280,508
676,922
513,892
367,939
682,757
74,311
298,972
125,729
64,281
450,741
509,585
573,794
205,366
378,849
689,732
471,637
91,659
252,333
900,921
349,453
170,511
896,921
763,904
653,686
255,664
18,353
50,765
475,621
608,771
939,998
172,607
321,416
381,629
36,384
269,707
428,789
104,269
291,779
14,294
127,272
85,199
303,410
552,808
3,592
148,263
536,740
257,783
213,671
448,579
678,813
79,382
368,536
179,680
19,207
61,665
64,765
375,676
376,402
789,835
666,955
502,743
388,591
459,619
100,453
75,250
260,285
30,644
336,699
299,489
91,341
199,635
439,930
219,295
230,644
160,202
357,818
180,216
151,946
443,794
476,740
262,753
118,335
165,881
216,625
722,808
413,671
249,535
624,673
129,771
67,250
41,128
204,442
309,577
483,761
54,993
353,413
9,942
355,748
714,727
587,867
266,635
123,805
137,138
390,485
87,706
40,887
171,685
282,849
13,433
60,276
553,825
268,572
3,426
413,798
217,751
218,457
376,560
435,796
521,882
6,323
246,819
92,134
521,967
749,893
24,846
923,925
378,792
236,722
422,701
373,506
659,920
721,736
446,968
644,908
398,823
252,791
114,451
38,481
301,303
718,774
32,173
862,991
157,521
215,332
113,176
112,304
94,572
450,895
326,469
542,757
694,729
587,772
513,870
433,667
304,495
75,933
617,867
292,685
569,607
74,966
515,670
30,888
738,779
548,712
461,917
573,869
720,973
211,648
27,419
207,328
295,312
673,827
151,578
449,615
711,990
543,719
45,659
248,930
294,752
175,981
183,958
220,930
185,794
346,900
364,587
212,405
45,297
196,849
0,539
69,720
549,932
839,981
33,986
335,894
479,786
73,303
25,221
187,230
156,407
107,283
595,831
147,710
302,429
144,841
667,775
129,754
790,949
566,607
262,846
679,928
5,346
75,676
690,773
237,768
927,933
20,544
589,704
311,928
174,265
645,663
129,440
249,471
746,869
315,510
153,208
341,904
30,647
849,983
342,371
66,634
536,572
58,72
173,847
387,642
725,971
114,514
320,969
234,544
725,965
704,931
74,927
335,630
592,922
359,447
270,578
14,222
11,599
737,804
260,336
354,855
95,579
231,892
598,907
3,665
218,656
281,394
36,942
804,858
836,849
494,661
68,236
40,143
121,723
394,546
393,709
457,841
257,995
589,604
575,712
400,851
291,771
202,479
575,976
563,839
916,942
340,922
15,818
616,954
12,834
341,703
333,967
47,845
147,850
568,589
138,713
308,951
137,367
122,203
597,978
468,701
207,788
275,748
269,844
365,960
275,458
13,335
470,599
698,941
254,565
213,572
233,585
205,654
414,519
423,850
97,312
612,995
372,496
417,837
725,832
687,732
502,922
466,470
592,736
207,836
132,477
432,749
31,863
728,908
54,301
287,596
333,807
406,804
68,452
385,865
63,129
264,712
240,476
297,449
411,574
184,587
702,927
511,543
792,910
488,711
185,866
619,923
29,824
768,904
90,623
949,982
868,948
385,539
2,299
113,971
675,719
219,838
289,364
85,791
447,670
114,831
418,577
489,592
814,853
356,483
178,267
706,961
270,338
287,811
253,941
55,721
504,669
49,992
428,718
5,488
272,772
58,795
561,998
178,219
114,255
452,604
461,879
154,660
36,186
192,766
281,902
112,251
22,378
719,820
443,987
353,775
131,756
462,492
256,841
661,892
226,654
294,563
5,162
14,484
567,714
431,700
407,556
549,950
240,256
338,683
421,955
231,761
98,801
246,275
270,866
261,450
390,893
591,779
622,840
362,922
716,982
54,624
266,682
365,798
652,842
1,748
61,982
63,750
536,736
299,693
533,561
200,214
148,181
491,984
478,699
43,591
317,460
100,227
355,511
188,964
38,961
294,923
317,786
240,717
523,815
428,802
319,337
597,966
413,692
297,811
631,814
311,700
12,679
226,269
677,893
351,919
378,853
465,992
215,709
226,702
622,702
469,730
298,765
123,311
167,841
445,816
365,632
445,622
364,919
70,534
786,854
89,604
371,885
190,447
104,361
487,689
420,903
226,747
324,381
50,398
56,792
750,869
147,761
90,177
868,957
136,325
284,624
109,268
27,356
709,849
206,611
374,976
312,344
8,815
392,894
518,937
718,729
412,525
350,832
511,553
878,910
230,442
268,735
765,988
696,786
320,777
45,751
63,388
152,569
575,982
107,246
797,806
51,743
264,361
758,982
389,725
507,782
236,984
149,710
125,957
408,607
385,837
644,703
601,892
4,152
324,608
679,689
168,389
670,967
100,417
803,917
119,760
408,542
292,948
68,417
60,917
432,901
289,661
96,269
485,491
433,458
102,597
787,915
145,662
368,791
122,378
13,937
264,668
88,285
595,989
605,883
627,958
630,741
81,875
162,857
590,726
337,869
777,969
550,991
364,666
574,782
315,856
207,306
769,956
75,836
71,955
107,219
398,695
190,280
649,841
347,882
85,966
238,301
619,652
384,712
341,993
242,283
406,585
87,479
116,774
669,689
7,706
140,844
69,306
189,759
43,44
246,340
26,687
370,909
319,852
628,800
153,648
411,793
543,946
39,901
75,719
206,340
362,402
69,403
289,988
139,793
90,651
1,670
95,932
174,780
458,560
227,662
231,595
353,988
246,410
282,429
850,912
522,572
474,865
84,321
530,621
354,499
752,814
597,775
596,642
278,739
182,195
792,985
703,886
146,657
248,966
510,886
87,724
415,859
524,707
441,874
387,918
330,378
524,871
472,803
778,841
660,996
318,826
454,479
129,221
202,485
512,685
96,568
300,373
86,508
270,882
26,345
29,422
305,518
759,833
339,576
765,789
267,307
554,705
403,571
581,665
135,777
299,309
555,844
313,619
396,789
331,799
31,346
164,402
705,907
138,166
841,921
663,799
379,486
332,368
111,623
9,844
431,490
36,256
587,767
330,580
8,242
492,552
886,953
58,553
726,921
44,801
127,696
115,300
851,866
521,621
199,337
108,851
210,778
754,953
389,689
199,729
192,213
712,851
191,221
22,823
69,825
478,866
314,704
69,777
278,527
304,525
54,548
351,784
366,774
86,780
118,807
123,859
577,952
153,596
152,789
779,940
886,925
385,410
917,962
261,413
771,772
41,265
32,484
137,597
347,811
403,772
463,734
211,347
213,464
685,993
8,104
639,999
665,933
0,924
454,963
103,976
534,814
171,958
123,425
201,756
109,489
360,843
311,509
549,995
46,57
358,701
670,782
99,848
126,706
410,837
228,633
2,228
682,805
796,853
25,339
723,979
69,980
58,819
89,96
70,604
302,903
95,423
206,839
318,539
669,769
81,401
24,580
362,560
633,999
203,353
615,883
150,238
97,200
263,848
133,279
60,608
278,532
505,759
664,831
227,299
205,823
261,498
442,910
390,873
463,634
332,782
607,712
387,867
658,770
164,688
8,776
460,773
63,172
113,717
169,433
88,187
328,732
61,640
42,777
764,783
222,338
21,286
125,674
72,361
930,979
374,591
265,440
325,687
433,808
210,466
94,125
153,629
532,664
927,946
308,596
41,388
664,699
59,388
356,409
134,601
424,752
14,89
821,942
577,965
480,523
229,955
392,405
158,850
498,724
299,316
192,498
178,898
621,956
93,492
861,880
874,999
349,751
792,842
166,692
133,842
119,230
716,734
723,789
588,633
527,986
631,863
198,754
414,561
673,769
346,744
258,727
449,680
887,976
457,933
39,550
528,981
397,573
761,958
175,845
164,358
552,939
438,657
258,980
794,939
117,389
640,683
605,932
167,607
878,996
362,648
258,794
431,979
176,889
25,502
283,562
225,563
590,810
793,993
146,313
125,486
675,952
174,187
264,871
674,708
95,842
330,914
758,767
599,965
115,128
207,360
35,845
477,757
340,505
671,899
145,333
168,886
446,771
478,817
40,397
460,680
799,886
416,531
232,788
735,974
11,975
527,954
7,371
162,677
540,865
301,505
524,726
293,794
252,652
473,662
159,647
677,703
324,458
446,488
422,920
194,520
463,999
239,436
83,594
55,419
583,885
64,70
319,479
70,747
276,329
350,567
596,675
642,782
625,757
602,891
609,782
269,690
684,762
813,848
712,995
487,496
386,448
211,293
389,392
450,677
832,899
582,795
332,373
636,935
390,973
84,711
805,898
767,847
377,613
10,366
565,729
16,664
295,664
29,315
431,781
632,634
35,828
480,937
59,808
1,530
789,971
812,828
67,722
143,438
158,751
839,928
137,889
245,506
38,126
846,872
410,700
95,227
361,369
463,801
280,775
7,70
449,533
325,942
179,673
118,946
277,557
486,612
364,706
254,585
121,408
213,341
29,740
91,155
67,521
710,783
145,832
191,499
239,819
490,954
295,580
87,225
244,629
179,417
511,947
280,964
548,798
182,957
41,526
170,753
98,284
641,726
109,554
18,581
349,451
767,857
37,377
452,600
925,954
207,282
522,963
805,902
420,570
168,563
206,894
125,148
366,565
450,787
357,427
458,900
450,813
12,146
76,139
131,841
23,594
344,589
221,501
677,915
266,947
270,764
216,565
165,309
141,607
338,744
408,947
164,176
410,844
441,849
382,407
670,873
60,844
364,404
270,683
368,756
737,984
644,646
342,649
44,662
131,532
58,80
633,848
526,593
130,832
458,824
571,883
109,812
582,663
146,866
39,458
430,925
61,170
142,941
154,689
276,361
292,935
742,825
174,582
180,835
37,829
204,466
267,843
251,728
549,889
41,439
555,811
167,488
267,677
89,842
644,671
159,355
169,684
157,253
291,628
423,654
52,723
420,508
679,929
333,380
316,390
379,677
535,744
328,352
635,929
618,752
24,894
145,992
442,523
806,964
622,815
176,999
185,883
425,809
143,189
541,835
557,928
243,643
131,870
92,295
78,896
592,774
936,988
822,867
270,487
444,947
206,563
45,836
170,470
129,218
145,813
414,765
15,556
122,648
438,944
245,629
86,865
481,801
88,893
640,833
21,190
325,628
273,762
86,774
293,516
117,319
13,602
160,716
264,515
288,579
268,275
598,818
613,797
839,840
235,537
51,307
135,986
215,733
334,655
525,694
128,384
167,596
771,895
229,349
126,184
288,750
520,903
28,639
147,941
179,686
492,912
116,475
354,396
780,850
501,823
356,474
189,769
244,933
109,306
73,475
6,727
285,625
308,837
179,889
99,464
544,699
105,778
308,993
151,481
302,791
319,562
138,188
350,868
482,555
38,565
182,342
76,562
410,630
347,689
29,691
350,511
578,799
429,463
57,998
303,854
574,688
161,981
483,681
117,989
17,732
726,929
674,852
177,221
156,527
207,446
125,492
347,543
615,810
206,907
817,913
65,273
180,559
241,491
154,234
470,683
540,947
45,526
271,814
790,866
185,565
159,228
295,527
150,992
134,840
375,590
435,610
461,694
477,689
175,343
392,971
149,875
16,455
22,293
395,431
507,996
60,955
188,380
428,981
253,331
437,733
483,759
218,333
262,743
289,579
423,818
32,797
551,626
118,431
5,122
606,797
755,781
290,518
407,680
573,987
474,656
236,699
682,881
591,592
144,292
361,839
24,309
51,436
327,828
438,574
163,779
712,776
348,837
354,356
384,970
137,667
287,428
312,890
442,970
281,763
505,647
781,971
356,788
344,706
137,557
263,381
635,681
818,832
319,428
249,358
424,426
284,655
376,878
320,386
459,811
503,629
720,866
236,247
317,761
744,984
524,590
29,488
436,685
102,625
335,578
107,459
346,925
97,534
158,350
241,712
58,906
308,790
133,810
655,840
75,846
150,873
378,659
604,840
139,336
30,457
861,938
580,850
709,746
279,754
126,921
171,679
126,781
434,437
348,430
277,558
109,566
191,412
268,930
496,760
180,234
4,186
140,856
93,260
466,951
768,942
420,875
140,625
73,747
370,840
554,693
337,857
23,632
669,849
477,858
205,970
79,635
98,217
379,427
389,577
452,904
246,905
16,691
197,354
29,226
504,894
746,979
64,905
215,359
252,683
191,743
552,768
744,745
42,217
256,265
95,284
23,665
10,135
505,973
474,571
524,654
400,747
570,765
810,978
836,901
468,690
102,473
321,730
467,781
67,335
52,422
50,599
294,717
103,436
88,725
763,773
620,851
55,680
113,968
373,646
47,466
509,756
491,614
476,788
873,945
353,472
241,326
61,115
174,793
438,893
149,638
466,959
480,525
400,432
385,809
390,521
470,795
526,738
85,777
297,453
270,354
127,814
330,366
226,398
123,687
423,984
179,638
76,601
30,69
105,196
406,973
169,172
27,355
605,923
641,680
450,512
421,890
192,877
202,531
127,200
165,849
324,339
324,342
340,508
350,518
467,523
68,828
297,419
761,844
510,580
915,983
196,743
534,757
925,968
539,578
509,835
502,937
222,499
328,377
84,699
235,297
327,811
29,859
770,865
104,204
452,728
116,926
403,749
0,689
140,474
7,994
68,897
268,474
426,773
237,428
183,430
132,965
266,579
73,142
207,470
467,658
344,429
612,699
44,723
676,995
736,894
175,566
722,943
537,562
29,664
48,385
448,696
614,913
164,583
451,528
670,899
457,461
169,306
82,491
387,696
146,569
365,877
497,756
399,519
753,820
460,684
111,427
171,191
376,471
171,737
679,935
869,946
476,587
357,530
522,713
64,164
4,871
204,924
84,262
807,896
197,782
195,372
175,725
456,685
943,962
380,889
672,732
330,757
113,901
144,666
160,403
81,256
249,610
315,918
579,970
635,921
615,894
486,935
236,726
744,806
422,868
566,741
574,828
240,628
579,606
170,302
4,810
11,777
365,659
378,749
662,915
59,335
211,331
628,921
108,541
24,613
331,790
90,292
43,825
18,995
724,902
608,790
516,569
295,393
461,511
684,985
82,967
490,561
36,66
59,597
490,721
380,734
792,958
444,461
378,653
95,764
167,999
60,614
2,767
421,824
441,449
7,554
157,586
446,953
433,996
176,611
4,144
487,692
57,316
85,641
81,148
76,427
365,401
197,869
746,815
572,969
164,319
172,578
193,812
178,336
80,955
521,741
653,754
364,886
332,496
331,830
286,417
219,708
284,392
5,477
60,883
71,962
83,835
525,674
184,207
77,988
756,885
532,686
43,964
336,758
83,189
403,732
22,368
152,559
570,954
48,686
280,545
689,788
682,993
578,581
166,507
162,637
570,821
106,809
36,396
596,933
571,762
317,916
187,739
45,758
711,765
138,557
865,878
46,917
121,140
368,385
353,723
367,569
218,408
188,957
768,776
15,570
469,728
158,251
390,470
602,841
782,914
258,460
69,132
548,643
665,949
236,518
439,870
560,640
457,722
217,397
698,812
58,861
152,839
557,945
470,992
13,308
140,714
600,631
781,893
233,601
267,664
110,636
379,701
172,221
630,682
28,105
408,719
13,704
115,862
178,749
64,615
491,505
306,785
238,331
9,570
517,960
873,934
315,928
777,951
822,945
710,799
354,882
342,560
689,970
778,925
847,940
138,723
658,887
129,713
859,912
343,385
9,80
75,510
141,373
326,353
303,503
227,615
5,161
745,809
528,565
896,957
455,789
327,587
605,872
157,790
46,931
655,758
264,851
222,600
205,596
759,800
260,966
461,699
358,887
363,806
84,378
121,874
482,876
65,326
90,233
92,933
688,794
538,919
78,569
54,806
36,119
435,715
252,424
412,908
329,391
63,216
365,476
298,563
610,995
543,661
815,920
120,793
132,381
36,572
287,354
131,138
196,613
502,639
634,959
27,49
291,769
300,796
79,417
521,993
281,650
568,919
808,929
279,641
478,658
289,676
674,770
389,954
438,589
956,957
681,733
95,460
123,127
39,230
143,781
153,907
524,545
160,491
379,703
925,944
181,219
134,847
550,738
477,529
567,671
199,428
95,653
506,509
396,993
309,752
57,748
494,798
326,634
142,335
317,520
51,86
272,890
393,521
62,758
607,985
801,851
118,301
687,846
264,907
551,761
281,960
280,350
281,995
355,393
187,928
503,526
444,467
497,776
776,805
791,997
313,995
233,467
948,998
102,646
720,941
291,930
840,877
165,253
84,369
376,537
512,843
734,891
315,518
105,769
388,835
62,408
186,974
415,611
319,807
470,893
89,206
508,832
339,705
8,131
114,813
84,545
384,737
87,504
359,699
415,802
787,937
350,401
71,410
371,815
579,708
307,348
120,561
386,886
166,935
219,535
814,930
662,881
600,859
297,679
81,765
161,487
123,543
578,786
729,814
594,835
404,593
95,531
303,571
473,992
466,831
47,455
243,416
268,606
747,860
299,549
47,659
27,134
656,801
61,837
715,740
305,864
797,807
576,928
2,762
184,946
459,879
304,650
252,404
377,931
331,443
319,656
114,807
233,673
177,577
278,543
97,851
248,393
556,996
320,419
118,363
410,422
528,644
37,843
6,444
274,313
171,195
83,134
643,749
194,446
295,792
435,847
712,996
514,567
13,291
187,726
254,781
375,845
409,709
691,991
850,937
477,502
363,674
42,510
11,913
36,843
347,573
261,610
18,458
220,558
159,454
790,845
187,284
44,536
522,570
98,197
611,885
565,717
299,635
709,734
465,815
377,948
440,518
531,804
450,544
682,982
243,462
409,923
558,669
523,985
97,888
398,786
609,711
14,258
452,889
116,929
603,646
58,756
194,390
377,889
8,73
506,689
258,789
187,951
491,578
396,536
549,753
13,126
926,966
424,523
493,996
14,394
565,720
71,532
138,522
153,509
546,549
70,563
50,595
488,794
81,567
312,674
63,916
247,737
633,928
454,845
128,628
521,647
565,643
46,981
86,178
119,702
460,580
737,914
89,300
557,761
85,835
882,913
2,200
338,771
817,819
681,736
78,525
35,558
747,831
57,95
61,673
460,468
348,519
377,458
52,697
390,759
2,473
376,566
309,954
18,582
181,706
94,892
298,667
499,655
622,725
443,689
665,798
297,923
139,590
392,938
721,855
348,759
393,665
212,277
8,32
412,776
545,572
481,698
173,845
158,463
540,975
200,263
271,464
716,770
206,225
251,582
138,143
170,650
238,463
27,692
41,216
509,937
413,683
152,803
805,813
81,137
151,501
181,860
152,440
247,345
302,934
202,308
750,815
399,794
454,825
228,644
65,175
26,176
291,445
872,881
214,698
130,755
256,399
372,384
417,607
102,275
186,545
301,868
289,664
435,676
19,79
313,536
1,169
117,686
279,556
418,702
702,973
206,390
388,658
55,412
346,536
591,861
103,431
243,857
190,560
426,493
40,500
612,758
645,657
705,852
505,924
192,694
507,830
543,820
444,650
89,782
299,343
742,976
416,745
430,622
525,696
418,581
221,663
613,838
821,866
236,330
585,958
317,976
289,602
465,732
674,832
543,894
65,687
678,874
301,473
441,567
94,996
452,581
263,606
256,478
479,602
632,855
52,565
170,856
75,478
582,936
183,901
917,924
289,915
55,249
144,218
559,672
429,578
755,807
407,489
583,773
656,957
148,785
202,820
476,982
138,559
537,661
475,761
434,463
874,894
169,929
268,495
167,376
129,583
208,477
226,495
265,319
614,886
27,827
167,499
23,549
56,422
191,364
671,700
242,875
303,772
167,627
36,717
449,987
56,573
193,532
725,810
403,475
191,270
670,739
188,216
767,903
461,648
432,969
343,839
62,484
158,733
221,901
64,291
170,297
296,391
150,508
232,626
215,511
360,860
392,908
260,879
250,704
400,775
288,312
652,795
280,674
228,718
290,433
232,700
224,274
493,501
523,762
226,871
122,579
191,345
301,523
256,481
153,484
618,967
174,277
283,560
89,225
597,632
160,710
395,629
83,825
148,252
179,882
63,73
675,697
208,986
696,839
96,824
83,279
63,104
909,981
75,477
126,585
79,788
177,191
854,886
165,654
329,447
64,235
555,731
545,624
213,530
814,852
282,753
70,884
122,900
553,594
415,994
763,803
37,69
120,269
363,370
758,772
802,952
268,485
671,787
450,653
217,677
39,618
257,805
565,833
57,999
70,501
17,615
587,984
333,350
682,829
120,378
214,496
318,790
387,487
176,755
306,379
37,592
604,918
301,316
341,347
887,991
710,880
3,633
422,758
172,844
127,294
358,847
418,862
238,748
80,345
83,176
162,638
332,911
153,234
77,328
108,385
82,197
241,484
193,198
396,706
128,906
510,901
32,477
553,638
336,409
113,460
88,333
275,544
419,557
33,457
16,113
430,789
731,930
933,976
694,901
449,495
449,955
307,507
144,671
414,946
54,533
96,859
717,890
268,658
389,442
263,422
408,822
566,718
73,297
166,700
68,386
317,749
523,857
594,931
172,610
380,886
317,711
356,874
102,362
485,710
432,885
329,828
580,586
66,171
197,223
242,750
679,819
257,730
140,178
64,689
207,642
69,847
6,677
326,816
607,663
85,508
286,288
296,496
268,878
136,594
479,518
515,912
255,692
67,697
263,602
775,865
267,863
309,972
503,644
264,523
218,614
507,646
79,435
354,923
10,575
499,523
76,610
160,930
201,735
737,900
150,501
477,782
394,851
14,748
345,768
191,846
765,858
104,260
417,701
114,619
146,510
170,693
584,759
825,906
20,318
61,425
113,487
221,622
444,816
119,430
390,493
79,838
688,746
46,807
19,40
332,999
616,787
573,936
615,910
279,600
60,603
118,965
111,760
225,489
14,300
535,679
112,752
137,600
845,901
533,927
18,781
779,834
468,980
751,958
245,995
405,687
398,986
240,678
489,922
71,578
761,803
132,827
444,872
525,659
506,592
383,447
70,698
440,514
336,881
500,822
231,712
216,281
34,421
56,137
672,815
44,525
798,869
215,911
415,497
509,892
679,870
193,500
124,730
437,701
64,685
77,269
789,918
76,122
422,572
588,697
198,915
360,398
200,358
554,807
830,906
12,225
195,576
20,858
173,378
817,826
290,388
338,382
728,912
11,354
372,798
315,909
157,296
281,340
353,675
135,203
132,929
165,563
120,525
373,482
786,871
487,526
380,704
588,750
378,461
504,935
606,627
7,481
60,362
222,508
609,682
204,795
636,884
469,977
406,482
8,759
535,545
186,818
168,855
621,957
399,412
175,838
426,955
582,622
57,964
295,797
141,271
886,998
349,930
97,469
0,587
104,755
627,931
197,496
416,684
630,836
747,895
372,805
607,752
127,206
204,579
432,955
269,930
699,944
247,719
236,459
486,653
258,924
884,955
358,458
59,749
222,481
27,45
174,678
310,321
486,593
430,911
387,908
507,812
553,587
130,467
138,358
575,856
298,465
64,501
474,935
178,777
738,843
551,593
137,389
88,427
500,907
440,471
284,495
837,990
619,762
316,721
167,438
177,238
746,996
391,971
616,725
239,810
151,782
547,907
297,842
241,996
89,308
115,880
489,958
524,551
10,964
10,747
368,806
664,936
778,888
149,594
687,976
603,653
61,291
118,262
719,981
335,761
7,476
675,861
459,482
124,575
353,639
530,900
175,411
11,381
118,235
755,898
123,595
883,995
712,749
470,831
472,737
138,671
46,455
364,844
735,759
128,141
70,896
899,946
475,783
730,733
491,783
35,209
34,465
81,987
152,299
162,175
186,328
523,720
85,895
36,270
432,457
442,452
615,627
668,857
10,197
346,445
723,746
255,520
230,338
168,443
525,904
146,395
431,893
400,932
489,521
469,618
141,435
192,492
266,436
542,782
107,978
561,722
491,752
707,771
260,769
541,589
11,794
781,885
561,875
684,828
295,422
119,160
847,961
285,615
431,837
90,811
601,729
548,928
7,172
441,873
56,778
91,297
304,681
406,635
774,825
158,874
47,837
34,559
313,693
913,929
320,604
619,735
103,150
553,937
159,899
5,402
513,594
23,415
400,762
400,613
235,686
267,516
399,554
752,903
162,209
2,101
461,559
295,717
43,186
126,961
206,556
740,780
270,721
91,621
265,431
239,447
436,601
395,804
213,881
510,954
475,675
371,622
232,707
450,823
33,180
66,636
548,733
211,939
318,343
463,864
532,660
61,338
145,893
990,993
316,836
458,848
105,183
300,343
298,572
154,581
265,816
94,542
670,839
573,830
89,751
457,849
150,605
866,955
800,945
207,275
94,198
744,993
431,472
151,284
171,601
268,623
506,784
298,709
204,408
91,120
242,939
61,976
935,996
660,985
74,458
604,663
547,624
218,496
301,493
534,612
189,998
49,167
144,588
19,345
538,845
98,816
334,803
268,654
328,763
260,871
260,619
298,583
389,548
3,641
709,893
251,300
571,638
721,975
185,417
242,491
96,869
143,548
297,814
634,813
328,711
128,293
157,992
669,834
367,772
244,965
178,876
206,299
529,983
228,877
931,973
46,251
145,258
400,412
185,401
160,943
241,496
770,920
155,350
51,799
5,712
310,712
532,954
29,793
184,195
242,960
240,606
442,577
261,279
404,801
44,827
695,925
90,158
89,217
334,676
710,811
180,818
319,810
324,882
229,269
396,397
81,440
493,632
79,245
500,689
178,920
372,592
447,632
830,997
77,225
269,822
700,776
169,863
531,836
7,80
108,861
440,584
628,845
401,508
47,51
433,448
565,878
463,549
95,975
842,995
3,351
228,476
386,936
754,949
143,988
954,997
104,175
204,325
802,953
110,663
506,537
145,655
4,957
512,584
387,434
419,622
493,932
28,898
337,854
259,784
111,940
481,568
499,708
411,430
493,816
55,195
110,286
884,893
56,883
574,846
31,230
89,224
169,607
19,854
748,799
289,999
791,797
485,680
827,968
93,427
37,496
241,904
850,958
365,596
241,934
576,805
366,893
577,839
243,690
646,913
683,855
739,947
13,780
70,722
468,511
334,645
751,979
376,591
73,711
545,882
293,645
394,536
614,718
75,632
88,262
259,568
260,403
588,657
308,900
522,746
406,562
295,459
569,834
241,355
590,924
514,517
548,816
32,33
12,879
488,857
512,657
310,975
223,652
441,499
326,912
768,897
414,935
5,793
409,497
57,570
118,680
571,981
227,910
253,977
390,676
282,472
306,649
552,736
438,722
548,951
169,985
34,447
349,804
638,734
308,310
11,943
651,696
854,855
398,563
184,492
753,897
73,791
224,480
666,992
56,482
339,881
298,945
634,641
136,435
768,812
370,849
464,695
579,738
102,805
518,833
17,937
680,773
82,185
662,885
119,999
194,208
302,899
330,871
73,704
308,822
464,494
321,534
541,692
564,707
171,691
357,859
191,820
55,467
45,933
253,689
60,515
730,979
295,922
814,865
36,857
13,377
119,612
115,537
621,901
698,879
255,607
349,911
90,325
209,983
56,739
129,936
608,712
827,977
520,550
108,932
49,412
737,765
546,727
620,861
353,447
91,656
141,318
145,976
210,504
473,805
327,644
74,512
477,972
210,922
695,824
203,938
242,739
570,959
503,835
83,470
124,132
224,555
541,908
418,436
325,513
28,108
59,953
172,734
346,924
607,822
210,512
536,888
217,278
7,267
628,866
57,248
436,666
238,514
10,32
91,982
143,339
184,971
357,733
658,700
513,544
798,927
102,906
320,763
306,407
118,497
615,962
148,687
72,796
487,488
150,235
745,820
891,928
394,578
127,545
466,501
213,449
748,832
131,909
183,572
694,698
92,361
126,262
80,447
390,780
557,737
133,137
27,247
166,198
265,409
979,982
30,259
347,472
711,936
9,339
102,175
84,670
311,959
190,852
352,636
236,341
203,567
725,942
130,489
169,179
158,535
129,599
914,966
409,925
53,384
492,542
573,816
637,690
242,699
314,906
111,401
429,548
402,856
167,610
344,869
807,845
281,299
178,581
256,284
739,955
188,657
301,892
583,733
24,190
41,445
321,520
331,843
212,935
90,212
379,943
913,938
403,716
379,897
455,513
525,896
99,957
245,628
251,802
41,116
31,99
224,750
595,773
855,978
107,581
795,856
305,414
106,971
453,716
160,971
74,297
26,847
133,191
391,542
105,753
201,521
588,604
388,609
285,759
812,928
388,869
13,957
640,992
264,464
473,628
562,801
9,388
6,10
329,661
219,393
609,646
87,280
549,983
176,658
648,671
912,968
390,679
250,517
678,891
324,992
302,458
160,700
661,668
23,897
74,540
397,520
110,330
452,854
562,709
255,514
315,762
109,832
907,982
157,852
111,304
550,618
809,875
15,199
195,805
245,822
677,933
448,518
111,189
659,903
439,641
630,989
47,836
14,664
39,564
174,461
74,329
36,312
706,723
750,945
411,509
172,931
252,712
330,955
542,796
571,590
324,600
273,329
36,867
484,881
107,362
625,642
93,750
825,905
489,711
866,873
417,582
18,749
24,856
210,548
423,576
142,245
114,990
173,759
614,956
174,599
527,976
329,524
757,788
478,886
112,681
671,898
484,891
600,915
667,832
536,702
503,578
105,205
75,655
45,252
237,454
334,682
655,793
439,904
19,766
6,338
358,786
100,530
45,107
170,458
108,372
36,103
290,439
355,932
153,481
389,678
518,657
261,837
336,727
629,789
509,816
61,877
58,587
53,601
481,665
20,909
175,642
403,467
142,704
540,724
144,729
169,691
33,636
243,725
10,637
522,995
859,988
95,820
590,909
473,961
105,486
139,681
30,797
3,887
796,922
122,246
104,930
149,532
135,271
20,941
510,905
674,977
112,773
83,757
70,743
95,219
53,507
73,706
329,476
392,735
495,573
655,775
111,693
352,741
17,292
456,881
403,933
335,401
566,757
472,618
301,990
47,279
172,394
655,944
236,601
378,499
858,918
450,861
298,384
88,951
479,710
326,834
395,816
70,638
36,335
8,426
309,867
747,826
163,514
226,631
724,726
420,732
671,854
128,226
329,833
130,255
89,514
286,772
310,385
284,606
128,236
30,965
82,443
442,508
41,237
710,966
886,905
827,893
25,824
308,762
31,536
186,758
475,543
142,837
271,536
352,537
511,979
55,329
25,521
358,590
277,651
674,997
70,838
724,943
191,479
104,412
152,812
200,492
102,795
65,94
56,386
809,863
253,987
762,833
435,481
185,234
166,419
301,666
362,809
145,313
137,662
718,951
662,717
481,639
241,588
601,877
123,659
302,569
463,685
99,209
666,887
657,734
887,961
155,566
368,719
47,323
26,696
140,905
158,867
68,241
290,961
631,853
177,345
225,547
253,474
85,98
314,596
507,513
568,974
258,714
300,732
62,707
593,635
654,708
140,221
629,669
50,466
126,226
287,416
115,910
678,960
28,723
463,891
768,965
163,941
268,421
202,351
241,460
498,500
613,773
222,237
328,759
108,456
352,360
190,499
462,929
291,882
321,994
28,622
245,781
223,591
531,730
63,747
785,825
527,755
305,806
127,479
60,744
385,394
103,333
521,655
148,152
106,827
155,863
380,521
273,695
15,254
213,862
490,753
499,949
199,589
402,841
623,968
541,709
943,957
517,808
122,750
173,969
687,924
55,194
276,743
282,751
491,797
212,936
27,626
102,137
244,824
46,503
157,287
191,827
44,302
92,148
573,972
411,960
297,393
353,448
120,428
80,764
155,943
19,354
203,785
397,857
302,721
367,762
299,586
67,497
309,890
478,540
845,910
216,260
625,870
221,315
740,940
217,995
685,845
252,563
121,474
557,760
616,820
640,761
375,561
793,806
183,506
111,603
68,200
377,386
12,267
73,703
425,960
30,337
100,471
696,712
67,991
304,409
276,829
314,405
193,988
358,684
155,208
605,812
228,945
659,851
342,410
727,984
351,985
138,521
273,802
801,946
6,148
393,764
706,845
67,660
21,459
601,691
76,779
229,740
426,691
415,452
709,895
185,786
743,931
51,638
144,558
296,448
53,202
22,767
296,864
146,633
43,192
527,832
243,463
460,487
99,150
502,823
68,304
431,487
367,810
839,976
3,659
555,977
774,979
563,769
89,426
123,705
65,357
922,978
613,970
224,304
415,844
134,735
512,760
586,811
267,567
658,876
310,479
60,124
402,440
185,467
571,836
153,660
143,927
565,978
436,973
669,919
392,838
221,300
39,784
428,756
319,776
77,811
347,998
738,761
302,948
188,502
357,868
125,883
174,312
702,769
574,928
599,778
322,519
261,836
214,336
589,653
149,563
58,396
233,986
555,757
40,602
123,366
425,641
99,306
329,617
854,961
104,845
309,372
531,594
632,989
122,551
375,966
133,719
275,877
152,265
237,938
507,767
49,847
491,757
16,809
863,999
23,437
759,995
289,551
387,508
657,666
71,893
147,622
450,607
182,430
262,953
121,239
664,756
227,617
36,647
631,678
264,513
345,666
62,763
141,161
589,608
307,901
444,843
2,296
326,721
375,932
430,883
781,787
73,956
167,702
381,539
181,715
485,696
714,865
482,623
289,525
84,279
140,842
363,720
227,267
16,622
555,869
213,309
6,19
137,326
3,37
470,605
85,806
396,740
93,206
35,182
153,456
414,962
116,470
172,229
174,752
110,373
97,840
195,940
746,969
852,993
379,862
254,795
234,547
7,660
108,683
92,181
167,181
396,744
264,306
811,840
329,907
336,851
117,438
246,495
505,557
518,792
211,400
500,970
76,102
560,696
527,828
266,805
91,180
17,101
117,966
101,830
108,807
796,890
474,503
213,265
300,641
257,351
280,689
128,532
678,826
290,943
363,506
139,785
517,824
184,949
448,663
144,200
727,988
478,713
580,588
769,977
170,666
219,268
223,294
223,990
175,387
136,864
141,583
114,655
761,997
269,384
62,978
565,604
265,590
413,423
424,612
44,275
429,953
163,777
496,543
646,756
513,666
710,919
434,889
114,627
337,518
199,243
334,343
856,985
348,554
251,922
357,660
228,370
499,804
489,644
471,725
339,599
159,777
527,652
501,543
451,539
250,386
69,611
367,721
6,897
533,999
176,252
489,777
323,832
95,344
156,485
335,681
346,938
685,747
386,475
253,492
886,926
727,856
499,659
578,898
313,417
545,853
11,382
71,866
398,956
665,990
780,865
231,434
469,930
755,867
67,498
173,844
711,949
120,934
140,310
730,870
155,777
517,852
333,923
114,810
701,922
88,619
326,348
111,436
263,622
212,506
467,789
357,398
337,677
90,551
207,763
470,566
184,296
720,882
232,383
345,598
316,362
126,373
439,756
477,674
16,168
152,307
924,996
312,470
217,450
308,329
219,436
684,718
362,916
428,534
505,572
508,950
31,591
174,357
521,804
394,512
48,295
593,780
454,792
369,907
259,555
269,611
309,683
364,449
401,898
511,698
205,254
609,696
527,808
56,107
378,503
7,646
176,509
539,680
410,897
35,817
965,976
39,499
92,486
477,951
110,468
334,679
664,722
103,353
68,316
32,51
518,986
884,921
382,588
720,913
469,679
78,163
575,842
300,460
467,835
61,917
12,224
579,832
339,744
659,935
104,585
188,448
97,307
116,171
537,710
115,302
388,555
126,796
230,350
258,293
343,870
87,692
193,316
494,536
56,371
184,917
281,667
221,453
773,844
228,803
691,923
18,677
325,523
419,697
203,840
335,914
139,820
58,313
79,915
69,841
14,953
372,531
71,922
141,916
206,318
229,863
495,915
81,635
630,883
694,866
562,772
10,263
337,907
185,980
9,564
28,730
874,965
726,768
293,511
916,973
449,532
183,253
368,843
347,387
215,998
699,942
296,470
21,772
610,791
413,930
502,789
440,929
463,470
57,141
369,519
327,935
24,430
275,367
243,817
296,822
563,699
468,997
426,846
74,624
69,623
472,596
470,513
667,711
516,981
26,121
276,613
470,927
145,552
803,885
445,655
486,845
511,523
188,870
675,727
554,988
75,124
486,559
63,96
52,711
714,789
487,578
307,551
116,310
304,412
343,901
437,861
340,420
286,432
482,611
35,280
463,880
69,388
281,547
224,654
379,551
90,925
469,529
53,120
433,459
376,523
479,796
727,746
205,982
455,489
258,684
129,775
334,508
238,378
416,603
1,793
154,788
789,793
2,95
66,676
389,857
97,604
72,650
534,758
44,240
287,467
67,812
788,997
106,283
706,891
176,764
71,708
256,511
60,368
200,350
64,763
128,822
542,926
243,531
476,989
452,833
719,739
708,858
167,923
574,683
162,508
5,468
639,942
249,355
362,934
608,931
61,479
353,712
865,915
16,284
276,831
651,746
53,321
174,276
388,682
156,886
203,291
363,822
486,948
181,757
52,987
722,987
276,846
708,960
73,447
174,601
362,993
315,799
17,166
274,896
386,591
18,243
240,452
172,790
370,490
413,916
192,449
438,518
315,718
339,899
188,491
65,295
194,205
385,531
8,827
352,953
221,811
731,768
619,927
489,596
321,894
723,893
760,994
474,643
69,196
169,864
805,975
544,743
338,571
271,610
185,962
2,475
564,620
41,969
388,862
66,369
378,784
120,746
165,280
565,935
261,357
21,830
174,251
852,989
584,982
301,982
187,741
330,802
685,985
41,680
98,473
212,938
68,163
276,448
12,451
26,155
533,596
144,973
236,594
587,630
476,570
216,323
536,553
880,918
578,906
306,611
390,832
820,890
494,999
590,614
82,173
304,428
718,982
426,972
619,895
492,728
906,991
192,245
17,275
84,473
318,729
197,660
673,998
236,752
51,886
63,183
91,651
173,202
304,875
194,855
110,961
108,139
72,319
151,435
285,797
7,636
757,930
192,334
27,104
50,944
391,690
197,312
343,770
92,314
711,957
355,515
99,536
377,393
685,880
635,686
295,764
393,756
280,437
287,504
114,795
29,104
473,789
162,560
218,661
717,975
44,331
163,541
207,857
435,552
583,884
89,452
92,515
181,458
255,958
868,959
36,288
650,920
273,377
409,590
312,949
672,753
790,791
688,778
696,777
492,757
568,675
127,239
28,910
460,822
457,877
198,960
484,591
146,528
456,699
547,551
310,876
158,656
366,922
489,653
250,341
560,883
115,586
725,749
157,651
67,584
382,478
232,547
387,407
769,804
395,458
12,967
135,470
175,707
141,893
134,590
257,469
343,734
854,884
155,561
261,584
468,851
522,617
28,424
379,771
836,980
496,687
501,941
563,993
240,416
653,671
375,518
79,751
24,102
235,705
128,605
309,521
407,617
294,918
626,706
29,457
44,873
164,979
778,912
292,952
24,83
477,602
390,419
765,939
194,406
276,309
143,919
463,969
318,319
246,774
360,502
257,510
287,441
22,89
234,833
51,814
199,305
276,498
101,728
614,980
356,763
252,298
764,809
410,542
265,797
437,788
34,312
316,414
31,162
136,173
67,668
34,416
345,702
9,800
88,801
330,669
388,457
328,674
300,507
433,565
33,860
158,932
645,854
244,873
273,927
761,943
858,992
673,892
296,622
2,894
34,605
84,734
54,413
751,849
228,829
389,438
611,749
9,473
20,99
687,855
114,914
22,653
346,747
133,354
523,765
16,318
373,758
143,243
240,817
468,821
705,913
550,943
372,455
318,794
31,437
463,662
376,599
195,322
596,885
229,986
407,537
488,611
439,678
899,941
82,262
985,986
350,792
69,795
516,668
323,621
84,151
41,205
72,524
598,986
109,993
41,318
86,318
345,803
356,878
310,470
770,896
777,879
92,465
805,934
174,837
293,451
702,855
971,976
474,505
641,915
407,665
236,813
258,742
111,705
763,995
472,805
62,489
118,133
289,812
260,909
161,691
491,502
322,855
372,926
598,879
500,691
381,470
656,669
88,210
533,752
285,608
422,816
97,681
852,922
318,519
569,580
183,461
221,515
282,500
506,585
11,538
619,662
124,387
617,829
122,169
194,286
413,573
380,781
293,601
114,386
44,92
564,630
877,927
564,895
0,758
289,463
359,913
593,804
355,384
494,830
477,727
289,709
377,768
596,597
219,319
81,294
369,719
801,806
334,348
110,292
884,951
397,555
108,273
629,834
319,986
163,800
765,944
89,706
272,309
183,194
492,753
101,236
26,61
735,752
282,626
294,355
522,803
526,757
281,705
6,801
357,444
90,495
292,749
147,242
178,778
369,976
316,979
786,835
41,900
21,610
208,868
428,720
10,308
302,705
471,883
62,325
842,984
470,564
4,325
375,704
99,819
163,773
194,482
338,418
23,459
96,427
189,451
162,197
36,233
214,228
306,358
666,812
642,926
407,948
868,998
464,970
121,221
24,803
263,482
573,605
256,623
733,946
217,559
954,970
127,756
53,665
657,881
844,912
37,126
728,920
783,998
647,835
54,839
461,669
213,384
38,934
499,644
641,704
892,987
764,959
851,877
423,852
349,644
126,501
295,902
475,872
79,407
107,659
276,342
294,938
108,627
720,924
215,626
765,827
163,983
220,309
245,824
119,994
280,661
267,343
372,882
86,742
379,873
369,388
24,182
676,998
205,729
453,658
111,414
427,516
794,932
42,823
238,910
381,785
264,615
144,647
769,973
307,525
36,642
333,566
184,652
444,513
899,922
203,616
110,749
105,638
129,647
57,495
85,704
274,534
147,252
182,831
109,205
106,611
256,329
111,879
525,866
66,651
337,693
261,988
223,823
471,784
386,446
343,422
747,846
255,535
58,197
877,961
384,426
6,659
217,400
332,914
221,559
141,860
161,176
208,503
511,888
98,181
626,627
397,787
192,371
96,881
22,572
283,338
370,470
514,786
177,823
275,932
20,508
289,438
196,470
239,773
234,764
343,573
898,900
562,797
294,838
254,283
629,911
248,554
128,472
196,263
295,369
0,188
33,951
429,655
419,589
481,637
52,434
530,540
434,482
713,878
211,965
45,299
136,727
104,683
104,273
439,963
92,920
356,773
602,979
105,868
352,582
263,667
406,632
331,666
519,931
389,971
729,976
589,987
619,638
4,167
641,698
193,209
166,291
286,456
434,970
320,755
348,390
364,448
277,341
892,997
544,969
579,703
633,669
219,472
250,597
696,824
420,729
469,723
87,196
147,772
308,772
739,783
175,300
50,225
719,853
463,915
141,366
412,476
727,770
461,598
320,677
576,988
230,474
586,822
574,772
35,409
253,739
344,662
710,809
140,570
107,347
420,884
23,24
221,379
312,971
620,868
691,911
79,818
58,661
105,630
843,887
189,354
226,239
562,825
603,977
299,938
264,492
28,63
35,629
306,842
154,639
449,475
244,419
247,860
245,661
265,967
46,300
665,817
186,531
264,408
643,782
272,615
161,813
23,350
19,218
66,359
85,426
194,378
24,930
812,981
394,991
72,286
14,162
87,668
29,728
216,245
31,488
575,584
527,581
239,261
479,802
454,687
294,780
429,521
331,657
155,421
707,782
659,934
164,607
318,632
57,602
550,766
554,755
272,962
785,832
5,562
259,731
297,586
138,614
48,980
278,365
107,639
47,517
15,265
592,844
27,778
170,577
773,799
248,886
421,847
105,972
175,210
156,436
287,398
2,516
288,742
420,819
389,628
461,463
278,444
416,743
81,943
601,923
519,838
413,788
302,607
189,399
310,971
455,811
734,886
20,713
315,705
516,840
770,882
795,996
258,998
369,515
38,153
266,342
116,428
5,901
34,403
393,898
577,964
673,815
2,510
255,755
279,428
168,332
409,752
48,938
42,113
421,715
361,600
355,737
318,369
148,868
1,817
43,195
410,526
328,393
438,909
135,784
230,785
232,904
930,935
320,890
251,823
537,573
609,896
14,920
743,882
586,986
287,647
261,277
197,841
435,730
635,673
275,995
413,821
32,747
315,744
472,768
149,845
345,848
467,737
210,395
134,562
34,414
5,845
501,867
43,544
1,374
199,782
320,694
373,419
251,848
191,941
361,862
74,668
609,680
539,632
8,285
165,904
370,613
375,417
279,724
169,987
306,404
439,742
35,983
271,443
286,340
336,827
237,388
916,953
217,449
532,822
136,145
518,698
114,687
13,477
403,913
41,857
378,772
299,558
875,937
277,593
68,554
154,831
149,373
362,604
18,763
296,638
43,769
506,580
390,429
656,738
723,919
788,864
393,615
429,955
295,541
832,887
44,509
113,896
182,656
78,713
401,585
593,946
434,690
778,959
518,576
880,999
579,723
189,276
385,984
231,579
463,881
303,379
248,991
225,602
286,628
556,611
298,481
116,118
146,231
196,714
33,550
135,923
43,323
67,473
856,950
276,730
662,812
28,422
332,741
530,639
452,515
84,881
174,511
39,689
93,466
133,782
719,974
226,436
685,858
168,603
77,886
245,772
771,898
148,269
417,585
572,642
306,876
363,562
291,534
761,804
41,347
28,156
441,680
833,859
464,606
178,430
401,439
265,793
17,223
473,932
555,930
470,850
922,923
519,743
284,667
235,624
332,555
707,890
98,656
294,768
11,302
464,914
517,910
393,541
409,699
53,431
86,258
3,964
581,619
739,984
146,394
243,552
519,682
231,433
295,306
4,49
565,854
438,678
186,898
163,340
193,429
223,916
420,965
209,933
277,542
426,626
315,968
673,707
235,779
459,597
203,215
41,872
777,927
557,778
46,452
378,497
8,981
476,591
200,607
136,398
219,987
394,509
184,191
528,529
603,932
176,828
148,456
526,734
62,767
196,251
242,602
548,580
195,575
155,542
75,311
143,334
680,683
23,982
295,785
240,341
729,777
720,764
197,838
58,252
358,421
347,717
659,794
126,535
93,768
297,784
841,884
416,889
253,365
19,965
504,619
158,181
147,167
460,565
127,428
39,301
9,423
492,572
14,788
523,807
455,786
206,660
726,957
31,416
640,679
124,849
81,836
264,362
274,976
504,544
87,930
189,640
203,965
165,406
95,396
616,805
541,646
176,311
681,744
76,765
251,628
172,175
169,931
183,871
209,594
435,832
493,880
599,960
96,931
226,860
198,852
74,107
496,705
517,540
123,586
684,737
508,635
168,457
362,597
8,711
27,141
243,933
104,911
550,649
451,578
228,909
331,468
847,993
59,996
548,618
547,645
280,885
165,618
175,634
874,906
303,717
221,422
565,640
63,840
75,434
84,400
443,477
632,745
138,808
347,919
649,908
210,805
167,382
28,629
727,826
254,859
766,833
870,900
257,548
612,613
309,553
445,961
8,443
595,793
82,930
43,630
210,571
361,984
280,960
701,993
47,735
294,876
242,838
216,930
350,660
603,701
211,849
509,553
85,824
505,604
270,294
131,436
529,635
491,493
150,777
89,91
339,409
470,899
936,960
456,823
161,228
470,979
255,766
46,109
623,776
245,543
416,964
493,652
315,959
299,782
409,459
409,882
155,986
99,195
91,357
15,758
364,626
86,514
196,239
199,424
546,858
338,521
925,974
107,956
379,977
58,149
135,369
232,924
21,354
135,337
532,726
98,902
388,866
701,766
299,429
646,980
12,145
265,302
382,872
379,479
308,420
574,884
218,276
16,420
34,498
193,652
681,886
152,493
63,473
81,95
824,901
66,554
393,407
356,402
81,562
90,764
72,84
650,928
273,605
58,467
74,838
103,649
104,909
894,900
212,337
273,297
217,230
571,759
371,972
753,949
257,748
771,899
158,941
157,753
214,241
160,269
467,667
670,887
165,193
26,574
665,766
398,744
44,771
447,673
401,717
223,772
85,417
377,728
696,986
350,691
30,631
471,901
803,996
12,898
312,666
246,728
393,584
25,687
491,936
603,894
607,692
101,704
118,711
117,582
344,699
522,792
351,653
469,815
493,588
266,820
97,816
78,767
793,862
195,294
133,422
233,450
28,869
23,413
284,711
694,789
140,210
288,455
19,126
76,625
562,936
780,954
266,399
137,744
812,898
238,864
774,873
369,495
225,316
86,776
36,575
29,454
211,839
587,938
346,701
282,624
125,747
514,635
462,724
15,619
187,693
130,234
179,819
125,225
36,453
688,762
693,716
530,939
181,213
214,768
124,639
270,275
369,776
551,787
200,987
448,613
842,881
173,905
70,123
83,271
752,865
70,200
858,996
58,746
314,728
478,908
309,498
753,986
325,773
452,657
390,520
15,821
84,825
549,559
825,871
494,871
515,986
233,730
6,145
313,392
109,524
388,470
28,652
124,783
511,628
267,332
796,907
248,989
47,374
199,549
453,886
104,754
318,814
585,971
19,775
217,774
137,364
255,457
236,476
174,519
490,902
260,491
246,874
496,715
618,977
40,671
464,653
351,682
550,658
490,803
178,976
84,385
130,713
469,864
185,641
299,769
262,627
255,292
223,464
174,238
125,440
158,658
236,862
232,663
9,876
129,532
41,266
37,189
430,982
31,350
52,873
127,511
310,865
56,900
168,842
64,492
11,544
360,464
185,863
64,884
623,628
275,586
505,620
746,887
265,939
479,980
331,437
25,611
61,731
4,213
310,908
240,972
722,829
377,450
84,738
644,686
246,696
14,739
285,458
36,239
449,539
53,931
561,981
331,429
330,937
892,902
70,662
413,603
560,743
25,705
524,653
361,686
505,808
29,549
118,731
319,899
446,813
475,817
239,673
348,778
442,989
771,774
284,642
287,390
365,905
559,629
203,966
322,957
354,686
297,824
261,500
775,802
98,767
450,964
14,61
202,488
401,694
311,762
68,269
13,416
339,526
52,224
84,287
641,914
161,783
110,224
67,817
190,401
114,587
63,900
3,708
265,780
702,858
660,734
216,911
50,851
37,935
2,341
60,898
358,978
116,704
36,532
523,974
721,907
187,804
348,691
630,828
348,931
432,821
343,481
217,522
617,944
165,670
683,828
257,751
42,569
384,596
314,982
326,623
216,825
608,967
631,998
431,786
945,988
449,802
312,529
522,870
205,419
23,323
820,873
337,457
162,740
352,415
259,712
88,114
713,911
177,264
21,796
640,876
648,805
395,653
518,887
35,413
204,512
773,776
506,904
78,659
507,600
471,990
218,918
535,554
527,962
112,805
133,804
674,995
472,508
139,584
431,866
100,990
140,997
404,460
651,908
458,623
151,998
175,378
190,897
188,487
53,698
774,899
299,791
577,602
574,740
100,818
73,239
456,586
691,751
160,602
403,684
754,999
17,151
318,907
95,874
700,934
174,436
188,940
175,197
310,846
366,952
55,554
140,468
411,474
386,469
433,682
961,981
418,938
312,710
65,966
426,901
272,944
250,338
821,947
353,982
383,389
466,714
162,766
411,595
50,577
418,998
122,665
39,903
277,640
167,714
511,906
567,587
721,842
784,841
31,568
878,918
616,857
4,341
511,561
356,791
7,962
423,775
172,336
484,779
643,968
331,964
454,509
283,918
396,904
688,869
634,983
767,934
81,115
714,883
297,389
924,956
43,568
553,701
296,586
611,935
13,732
341,708
155,427
337,559
607,654
374,563
832,879
407,482
698,802
197,876
178,806
203,950
26,305
906,973
293,482
119,756
88,957
533,736
254,709
25,805
106,113
683,991
891,980
7,842
829,843
55,174
266,834
711,774
203,406
803,960
172,210
2,459
495,981
409,560
273,759
249,852
869,883
183,188
234,477
627,941
479,644
534,986
228,620
588,772
276,438
398,884
284,444
282,453
208,666
285,713
438,998
682,861
213,217
122,917
49,502
238,683
857,878
200,961
298,622
39,927
443,718
77,82
74,422
158,643
83,912
141,755
245,843
674,809
520,917
167,813
65,801
120,935
942,990
822,879
429,544
205,616
812,997
462,723
207,893
62,346
468,676
140,303
73,982
673,854
856,904
291,468
153,436
366,710
5,689
436,938
817,877
193,702
23,455
348,983
159,993
434,724
89,437
522,704
3,833
709,819
396,535
512,659
278,520
233,659
288,916
415,979
321,450
8,441
567,921
376,412
123,416
68,996
353,793
582,736
88,614
416,687
11,714
386,937
23,482
82,968
137,689
110,622
165,538
310,369
626,696
27,800
551,588
61,239
550,926
197,599
240,446
431,925
70,564
5,508
602,677
253,966
270,750
155,754
124,866
687,964
455,552
455,845
151,723
49,979
510,669
717,945
46,59
259,624
350,864
25,845
275,786
81,373
268,951
44,422
755,795
624,936
311,849
81,349
67,414
348,903
571,690
888,947
87,417
199,774
53,375
620,750
132,977
711,933
195,642
94,535
541,938
938,973
729,910
13,300
2,258
124,442
33,114
139,579
363,879
699,701
100,648
242,833
881,916
333,790
73,121
297,306
49,262
587,657
382,399
218,813
119,428
161,479
560,792
80,541
12,296
501,665
794,966
334,768
88,882
716,743
731,817
127,366
245,856
60,359
50,382
578,759
583,761
87,135
127,544
103,867
85,959
350,845
620,833
61,119
6,215
621,896
183,193
219,851
290,448
466,596
154,460
672,928
32,929
185,764
246,777
180,568
218,648
639,774
218,921
266,746
82,978
359,804
115,188
47,989
29,302
221,983
889,892
700,988
218,489
618,887
9,512
271,984
64,631
256,462
780,853
422,702
38,279
143,531
370,685
11,280
228,880
87,141
754,875
176,806
352,693
256,891
170,821
239,749
267,638
119,972
428,642
133,723
23,634
641,716
377,542
349,779
229,274
469,799
480,817
222,425
486,990
17,100
468,611
311,880
53,954
300,827
82,435
535,826
402,631
43,327
227,898
75,212
197,939
693,858
85,946
179,958
326,640
909,957
388,858
573,907
158,441
317,470
0,80
180,317
5,773
466,585
805,951
340,341
575,882
437,676
57,226
125,932
446,772
213,730
627,880
118,667
411,841
119,181
10,687
39,577
2,404
125,524
64,577
642,890
353,945
127,380
803,945
405,709
493,698
238,509
517,949
149,468
249,576
608,708
395,868
774,962
8,615
118,255
649,959
466,760
15,162
365,703
86,658
88,820
351,736
294,859
379,944
850,957
30,976
80,645
268,338
377,868
277,454
233,922
218,349
53,233
0,162
412,682
307,626
487,771
350,409
222,278
410,768
25,821
233,618
363,395
98,831
219,826
229,485
49,955
160,446
862,880
535,754
73,698
661,665
38,600
37,587
379,849
820,993
319,344
5,940
357,978
237,572
75,289
810,820
312,834
154,409
219,820
229,499
453,467
593,704
552,770
437,442
202,892
657,893
559,838
887,952
513,648
255,786
354,783
227,485
232,897
323,460
286,367
872,955
258,879
145,492
550,890
184,417
39,239
249,820
499,560
264,309
295,450
846,968
807,836
645,743
161,469
224,410
379,913
227,562
69,576
269,555
800,891
552,556
101,182
38,765
387,664
701,932
531,607
672,690
84,847
46,292
263,992
249,914
521,792
46,640
396,735
43,237
131,739
204,300
415,643
321,692
624,780
19,422
376,734
660,972
90,271
486,995
173,879
165,200
55,628
486,640
437,786
126,315
74,827
83,483
458,915
327,806
326,683
73,367
206,432
343,469
136,205
181,956
113,966
226,464
717,808
159,496
250,455
588,708
182,207
140,960
18,333
521,845
514,534
404,666
30,750
159,785
233,398
520,738
282,510
336,890
505,538
660,916
224,330
487,495
90,622
35,812
491,889
641,765
440,991
385,570
71,691
362,646
35,87
618,950
315,399
570,977
246,579
161,507
475,555
546,745
431,433
326,676
468,925
110,855
514,684
293,574
121,261
491,571
86,614
935,973
564,982
699,714
40,60
187,441
640,792
740,856
938,978
319,905
236,745
526,759
354,705
438,675
49,938
594,845
373,394
70,503
278,575
142,600
446,595
366,933
5,776
192,215
595,757
233,593
109,816
472,674
395,749
427,919
44,45
959,992
593,871
43,879
222,846
473,580
43,770
202,214
380,463
212,689
291,588
548,993
2,351
87,126
697,785
458,806
116,596
431,759
777,904
44,146
451,569
4,503
469,856
887,898
256,344
369,408
171,420
192,483
79,373
392,527
342,653
370,686
558,619
131,560
33,521
307,808
516,939
51,336
353,602
5,390
311,917
254,753
289,633
262,465
144,735
784,842
458,955
19,950
692,813
124,193
399,635
376,460
451,666
409,844
263,845
124,803
93,695
473,697
258,627
113,325
197,798
327,654
273,847
827,832
110,261
365,974
157,339
43,731
549,730
716,790
7,179
444,877
607,879
6,606
449,676
407,797
357,487
31,732
46,470
21,46
667,867
667,996
240,866
393,593
445,585
859,922
478,960
420,860
376,673
422,627
251,492
99,299
444,618
172,197
138,801
375,559
18,598
295,641
43,634
237,602
83,337
540,586
177,501
485,927
860,969
682,728
74,712
469,583
11,238
33,286
800,869
398,835
511,958
507,762
875,891
794,886
157,760
186,731
229,909
474,593
500,711
242,902
259,936
262,671
487,645
445,963
123,623
67,860
376,979
970,976
329,915
15,210
709,715
223,701
214,371
168,249
254,474
520,757
503,630
27,76
85,765
267,652
211,465
248,558
928,939
60,855
55,457
238,533
337,579
141,528
327,909
78,597
830,861
18,715
103,707
167,826
174,340
316,626
674,851
380,551
330,427
435,944
476,768
68,456
468,878
131,563
487,741
500,622
307,685
274,500
20,502
455,972
105,677
134,392
396,787
131,452
201,902
10,210
65,525
445,650
343,927
229,719
391,541
551,574
838,972
732,943
94,778
8,291
742,776
7,281
502,508
73,171
654,929
343,585
469,841
120,931
219,541
207,564
160,486
829,909
154,662
328,471
361,845
111,423
333,545
188,474
338,547
288,632
628,686
610,938
44,334
250,917
21,711
108,803
817,846
87,298
58,675
703,774
192,989
215,550
368,991
819,843
348,934
236,657
593,972
109,589
390,614
340,651
144,337
19,35
46,342
460,729
120,682
403,885
361,396
291,839
757,874
843,967
466,977
15,884
2,342
325,402
237,369
714,716
246,755
532,619
674,703
786,948
763,991
9,984
209,713
767,968
10,63
198,723
91,424
332,823
204,923
303,748
235,831
521,699
132,711
261,545
445,932
514,936
640,888
435,629
768,870
514,561
22,190
115,131
47,797
174,334
508,982
188,328
192,264
239,687
144,665
293,703
431,513
511,820
292,711
19,929
126,605
401,417
32,63
67,544
13,270
585,641
383,669
357,947
449,698
141,541
86,209
78,308
25,372
414,842
546,882
272,753
424,471
571,847
430,539
609,777
19,924
443,547
175,620
19,383
62,985
255,835
103,542
106,594
35,67
125,296
893,914
830,889
435,825
255,412
594,988
35,140
10,990
132,473
193,822
535,757
122,444
728,934
180,686
622,831
624,937
846,996
174,781
605,750
855,947
231,604
302,817
454,919
634,761
187,628
99,134
32,832
74,350
603,644
283,539
232,483
112,340
63,411
80,738
48,918
288,726
132,869
460,664
383,688
140,425
135,498
268,439
481,809
29,949
184,427
212,958
652,706
562,974
109,691
699,864
71,389
207,694
147,869
218,233
670,783
181,406
842,953
375,639
528,918
624,750
493,921
719,815
122,510
415,832
280,887
373,502
432,898
658,742
16,895
147,972
416,862
197,249
376,728
132,840
107,990
40,161
229,233
359,381
627,944
185,840
286,902
298,870
49,277
258,535
275,574
192,699
127,129
110,381
713,857
506,888
40,867
139,428
502,905
775,963
303,823
396,424
412,985
146,793
263,960
74,752
690,908
722,931
710,718
17,278
165,673
586,820
34,119
260,575
275,423
603,827
7,328
15,816
82,895
265,743
285,641
360,380
47,664
271,995
376,389
777,906
156,356
209,816
738,851
299,495
912,966
549,855
93,833
514,812
414,608
234,388
406,937
4,687
58,284
633,973
338,456
601,871
206,514
749,998
598,706
848,886
770,778
496,758
232,724
86,782
559,901
766,882
465,878
73,400
395,641
451,525
286,622
86,306
102,736
15,569
514,768
397,456
500,673
39,381
648,775
875,938
379,926
282,306
552,606
57,260
16,797
348,982
314,749
498,995
443,553
134,449
469,926
80,856
21,197
119,962
44,312
29,81
211,632
631,908
599,620
228,698
551,770
96,955
136,529
243,962
330,904
234,880
929,966
51,883
475,890
14,590
12,568
150,395
307,816
316,576
256,649
118,996
254,285
280,467
151,583
177,277
118,906
568,844
87,192
81,223
354,807
69,749
545,970
311,895
1,399
228,761
6,594
752,907
541,886
516,854
368,425
189,463
311,403
211,679
215,445
836,932
202,377
278,368
70,148
810,953
354,740
202,655
465,979
518,591
328,855
277,615
273,756
3,902
67,623
251,895
76,806
7,73
858,993
19,988
362,426
717,846
87,388
422,598
631,996
368,473
503,535
158,422
562,744
421,745
653,853
5,188
557,776
425,781
732,955
338,888
177,423
464,934
358,745
61,601
36,496
756,911
858,871
871,945
92,546
60,463
336,765
70,521
114,263
34,353
21,880
89,332
207,643
205,480
509,891
288,805
105,126
682,981
22,489
925,961
18,960
43,839
112,769
327,603
583,666
303,332
222,421
5,215
252,982
78,112
323,530
81,569
11,425
5,768
750,858
224,344
427,969
388,828
120,878
329,561
637,736
131,526
320,388
457,789
906,993
14,155
269,798
169,657
78,589
21,896
74,803
71,783
734,854
13,178
103,371
361,900
142,699
501,845
233,507
464,673
205,720
458,730
125,290
482,512
216,231
606,660
155,600
839,957
649,768
41,108
637,678
651,803
189,959
452,909
323,568
122,221
357,760
483,492
90,886
43,700
685,784
140,707
53,615
772,930
13,891
137,854
743,985
827,829
892,971
553,697
477,921
44,224
90,707
328,362
304,829
143,947
180,592
198,443
209,728
469,563
259,572
494,670
516,797
217,283
452,716
127,882
730,934
50,59
1,606
571,826
804,867
273,825
294,642
156,853
68,520
187,200
266,818
3,526
296,739
319,538
428,908
128,385
546,927
286,312
491,495
422,463
688,859
210,956
71,421
172,440
317,358
239,530
238,893
186,763
129,535
767,920
138,172
363,374
57,435
91,716
39,799
140,985
612,769
490,969
288,912
413,591
656,793
531,678
515,668
409,845
58,176
351,501
79,754
243,602
350,941
18,409
92,883
460,849
134,472
490,645
432,547
117,426
426,869
394,485
261,768
76,452
303,978
34,854
153,274
145,288
20,646
132,350
624,809
268,728
22,446
174,404
139,535
286,483
22,83
628,937
176,488
111,936
66,978
946,947
731,905
104,969
811,826
749,996
60,734
578,839
666,918
476,889
157,936
325,502
494,912
53,524
136,429
426,567
527,533
343,742
186,254
120,303
515,620
149,495
380,527
250,872
377,602
310,583
49,725
509,562
557,725
762,853
200,796
877,952
152,422
23,895
376,852
257,884
279,953
228,299
761,891
174,618
55,528
602,641
258,570
187,973
523,945
143,302
76,343
402,998
573,900
154,608
440,503
105,714
301,656
279,412
497,665
276,652
529,672
37,521
145,591
207,793
209,992
487,837
388,405
236,739
652,660
270,722
269,332
103,519
7,214
565,628
458,899
216,860
437,844
642,699
605,715
288,440
210,383
304,627
158,681
131,154
313,948
558,874
277,832
220,674
625,669
313,793
252,575
303,669
473,761
453,865
684,806
87,860
346,381
348,744
10,694
164,246
284,939
529,958
413,872
176,324
417,757
17,790
70,388
392,898
3,159
639,789
308,987
253,698
394,849
48,568
115,642
535,693
214,928
713,944
537,859
20,369
48,922
610,786
487,643
296,316
714,994
86,331
325,588
896,970
792,822
368,765
481,510
206,259
216,289
212,819
139,434
363,444
391,600
416,744
195,295
609,734
32,805
527,946
596,938
564,853
40,302
337,845
161,225
449,914
62,162
174,569
123,886
888,916
849,968
457,906
553,971
297,384
275,339
32,940
436,996
503,947
202,839
435,865
13,561
771,841
60,168
158,516
563,571
52,814
908,926
224,525
510,586
336,511
138,463
301,348
479,526
149,754
390,663
370,378
209,516
271,462
225,958
479,908
124,693
344,682
265,990
507,818
345,970
673,699
302,393
35,81
127,798
11,82
421,579
247,563
4,386
345,367
138,704
111,421
456,822
529,603
484,746
390,950
172,847
332,515
321,744
91,379
35,811
484,585
514,749
634,645
57,173
24,503
108,634
191,920
616,645
502,619
473,768
521,822
310,651
636,759
791,943
51,778
498,822
463,499
618,846
217,768
255,531
547,945
356,771
196,537
233,623
676,822
291,634
47,388
735,788
585,871
225,252
362,935
5,217
452,526
90,797
196,336
520,875
18,457
85,174
146,467
325,799
25,83
179,544
403,568
71,932
464,542
187,199
273,286
362,897
478,537
303,434
687,696
156,377
451,598
27,159
433,467
74,93
217,492
428,570
368,551
503,512
789,836
511,969
142,440
371,920
20,210
704,776
577,821
219,390
278,414
79,998
194,259
297,533
208,661
270,362
727,760
25,692
423,594
259,397
154,277
156,584
53,740
165,777
12,315
112,456
5,591
467,553
106,196
354,761
394,448
14,511
30,168
219,998
293,547
892,929
108,243
96,245
576,749
412,791
254,468
377,952
823,931
118,839
197,894
9,161
645,745
465,846
751,775
429,472
80,476
297,515
241,616
287,877
135,779
240,557
810,879
528,881
711,716
357,738
835,963
436,449
252,724
245,763
150,662
17,753
0,979
376,898
853,897
913,993
365,398
25,761
217,869
441,840
120,996
182,362
155,960
737,872
128,335
530,610
234,883
324,675
354,450
451,727
949,974
755,834
599,632
197,526
25,316
307,753
36,881
564,685
34,277
442,729
119,668
159,480
683,883
76,292
475,525
192,805
307,604
228,932
379,815
450,739
207,327
97,793
256,277
338,791
412,741
207,581
317,760
5,785
61,254
339,985
71,911
333,980
542,699
238,507
0,935
443,930
392,763
390,557
127,825
319,840
498,776
372,379
324,424
369,931
230,496
369,661
556,622
551,733
356,879
509,511
413,728
51,366
486,812
469,486
99,643
777,911
445,457
419,592
112,250
670,911
42,328
381,860
321,615
449,555
259,880
397,870
270,507
275,681
351,512
744,900
282,566
50,636
58,100
74,91
396,698
620,644
288,333
410,932
318,557
730,822
339,585
358,432
343,445
328,716
283,747
222,931
301,726
503,588
710,716
536,929
271,530
781,813
434,632
779,959
181,316
323,332
464,968
655,748
131,516
9,251
158,827
88,297
329,950
281,447
27,221
156,207
798,807
478,579
247,387
169,543
128,178
651,712
53,992
87,627
59,360
183,766
395,885
37,940
389,592
439,969
277,528
373,686
75,354
11,737
133,651
694,743
257,329
449,690
11,773
568,981
402,658
110,423
134,815
236,692
751,891
47,498
443,999
32,167
329,468
130,429
418,460
230,259
346,502
49,903
198,229
80,149
94,122
333,476
98,549
379,553
379,979
43,663
343,586
510,560
97,243
348,639
107,865
120,866
231,391
327,446
171,487
666,829
70,121
469,489
154,273
183,677
240,657
246,871
26,891
534,711
789,988
511,558
583,668
782,999
238,773
241,301
164,669
325,928
592,868
477,862
862,919
380,599
718,797
430,494
419,429
39,924
537,603
186,268
256,388
129,988
398,549
396,855
211,458
387,680
247,560
313,371
717,729
402,819
381,613
49,456
488,539
2,50
63,708
214,632
147,778
16,117
153,652
67,329
22,903
231,577
221,976
84,333
272,933
868,969
25,931
454,457
121,433
216,273
34,65
128,728
9,685
101,422
469,518
587,720
581,622
505,670
360,371
602,607
884,922
652,958
432,999
5,991
44,687
479,620
239,884
613,677
615,710
430,577
347,994
633,926
248,988
94,367
23,802
424,536
200,301
220,844
69,539
634,802
335,657
192,782
163,479
703,869
621,632
191,716
53,988
133,716
375,886
267,437
124,585
148,810
7,427
449,785
900,928
624,848
80,960
180,181
937,991
165,948
816,923
681,759
200,846
70,338
661,760
410,839
400,464
752,831
243,595
307,644
123,460
338,967
196,891
729,908
856,898
40,219
177,618
727,758
16,894
358,439
156,951
82,241
32,907
160,302
578,989
416,818
201,958
424,768
475,748
30,392
19,171
5,593
642,722
412,952
577,896
272,931
55,377
521,746
54,480
339,997
165,426
60,425
826,941
260,903
136,284
510,799
39,226
302,751
592,859
209,899
2,775
139,602
169,655
630,879
183,857
140,247
357,911
185,944
19,98
534,621
739,885
71,730
641,649
622,907
109,446
243,927
296,869
597,994
610,622
568,677
574,990
856,891
377,510
358,996
843,867
49,672
186,218
297,797
186,771
276,796
277,681
418,927
92,276
230,336
510,583
747,750
243,535
345,530
199,811
987,998
116,941
532,793
230,320
552,858
279,647
546,645
190,285
328,854
576,823
165,577
819,835
400,817
648,913
131,179
360,568
316,972
218,586
1,997
377,906
620,692
55,63
358,778
222,861
92,778
367,606
166,997
243,520
382,979
7,740
549,955
58,902
434,737
182,621
10,802
136,314
65,194
33,326
520,768
0,826
537,941
190,245
141,353
231,457
512,586
308,801
19,575
618,799
82,235
131,257
292,657
156,562
250,270
48,211
713,939
189,436
70,336
706,936
175,734
172,649
632,810
351,467
225,809
24,100
373,484
736,897
38,756
197,256
704,902
272,370
357,476
605,897
2,364
820,846
789,923
494,809
67,799
67,277
773,873
132,184
609,845
232,712
122,795
14,95
357,872
763,860
491,601
839,869
767,928
228,659
727,817
237,263
147,288
28,270
900,927
769,908
538,956
563,634
829,983
173,961
351,421
9,401
30,319
21,870
330,704
189,581
241,247
475,966
303,483
261,575
59,200
94,621
155,904
636,758
678,745
841,889
1,158
90,980
160,438
240,776
272,987
282,949
61,132
220,719
471,772
561,855
159,205
224,621
389,590
220,439
237,598
209,305
329,482
488,704
241,541
70,651
421,866
35,385
336,359
463,650
574,813
323,792
290,368
388,838
34,233
702,805
31,451
79,110
202,821
356,392
486,905
30,79
211,362
737,954
403,482
180,320
433,930
492,786
64,876
206,976
494,976
190,590
128,432
86,210
157,826
51,820
138,737
337,790
333,660
392,439
652,780
45,355
23,611
0,157
33,489
396,782
226,479
533,581
785,988
348,471
23,36
244,683
167,420
33,218
212,756
303,482
5,483
243,428
177,494
322,407
560,805
50,83
616,967
176,500
388,841
574,791
5,995
233,831
278,402
108,507
474,612
844,881
458,648
219,950
66,716
204,997
255,634
200,585
61,178
557,814
227,527
107,554
66,446
625,783
275,565
195,309
74,195
76,718
224,516
584,930
521,997
296,631
559,955
515,533
405,446
408,614
548,911
131,544
162,639
24,811
265,402
18,145
